 270  
  80
0.3878650 
0.3884049 
0.4615990 
0.4989955 
0.4992368 
0.5394254 
0.5392225 
0.5443430 
0.5523850 
0.5701267 
0.6090710 
0.6493650 
0.6558204 
0.6561020 
0.6562030 
0.6803099 
0.6808010 
0.7267360 
0.7272924 
0.7541519 
0.7542543 
0.7565871 
0.7564323 
0.7564319 
0.7991853 
0.8005720 
0.8463482 
0.8462114 
0.8772881 
0.8859070 
0.8859950 
0.9240080 
0.9241020 
0.9242040 
0.9378020 
0.9453030 
0.9454000 
0.9596960 
0.9598010 
0.9622160 
0.9626830 
0.9780970 
0.9781980 
1.0146400 
1.0156400 
1.0318600 
1.0328600 
1.0792000 
1.0793000 
1.0936000 
1.1071000 
1.1072000 
1.1397000 
1.1398000 
1.1399000 
1.1400010 
1.1569000 
1.1570100 
1.1693100 
1.1699100 
1.1699990 
1.1701000 
1.1702100 
1.1863000 
1.1864000 
1.1865000 
