   178.0000    
   60.00000    
  0.337414781936966     
  0.337414781937019     
  0.401009418710150     
  0.433873388481069     
  0.433873388481077     
  0.466960054581515     
  0.466960054581538     
  0.478990092365206     
  0.478990092365211     
  0.480492905837623     
  0.527837252673090     
  0.564777888523977     
  0.564777888523991     
  0.566225861829752     
  0.566225861829775     
  0.575942952522946     
  0.575942952522965     
  0.627006020063418     
  0.627248566330406     
  0.627248566330417     
  0.654557276720823     
  0.654557276720828     
  0.655951928090563     
  0.655951928090568     
  0.690728951465752     
  0.690728951465759     
  0.727856048017325     
  0.727856048017331     
  0.753863053125943     
  0.755102968086227     
  0.770667460711345     
  0.770667460711357     
  0.788831709691050     
  0.788831709691059     
  0.802018837420306     
  0.819991943632045     
  0.819991943632049     
  0.821379703760942     
  0.821379703760947     
  0.828968953646624     
  0.828968953646636     
  0.846298461986888     
  0.846298461986894     
  0.878404746608035     
  0.878404746608054     
  0.887528662168809     
  0.887528662168855     
  0.933758081685449     
  0.933758081685460     
  0.950938794162799     
  0.963747572040822     
  0.963747572040866     
  0.983950791762552     
  0.983950791762569     
  0.989020937825674     
  0.989020937825678     
  0.997187928006971     
  0.998487674147355     
  0.998487674147414     
  0.998673810522119     
  0.999766280271869     
  0.999766280271909     
   1.01127275555540     
   1.01127275555541     
   1.02018358241215     
   1.02018358241216     
   1.02913116578726     
   1.02913116578727     
   1.03203349960401     
   1.06697579745890     
   1.06697579745891     
   1.08334448424274     
   1.08334448424278     
   1.09456998667553     
   1.09456998667556     
   1.11807467859624     
   1.11807467859627     
   1.12402417921857     
   1.12402417921862     
   1.14869904034555     
   1.14869904034602     
   1.14877706892590     
   1.14877706892600     
   1.16140147606273     
   1.16140147606286     
   1.16209544218659     
   1.16209544218672     
   1.16674704351711     
   1.16674704351721     
   1.17175514669015     
   1.17175514669020     
   1.17362999482083     
   1.17362999482088     
   1.17735846437090     
   1.17735846437092     
   1.18951757783395     
   1.20302825613347     
   1.21344259956150     
   1.21767412222628     
   1.21767412222646     
   1.24197240949191     
   1.24197240949196     
   1.24399348062817     
   1.25066944943129     
   1.25066944943141     
   1.25112424533011     
   1.25112424533029     
   1.26759085002586     
   1.30381703058479     
   1.30381703058489     
   1.30562503139884     
   1.30562503139900     
   1.30562753051067     
   1.30562753051069     
   1.31360328912949     
   1.31360328912975     
   1.32406849377258     
   1.32406849377287     
   1.32660078896837     
   1.32660078896889     
   1.33012536525815     
   1.33012536525828     
   1.33066353145478     
   1.33066353145516     
   1.33087584627017     
   1.33087584627021     
   1.33534985866088     
   1.33534985866113     
   1.33538700031233     
   1.33538700031246     
   1.35759793676244     
   1.35759793676279     
   1.36480699635553     
   1.36480699635761     
   1.37450507905229     
   1.37450507905279     
   1.39388571088527     
   1.39388571088552     
   1.40779736925751     
   1.40779736925858     
   1.40994065183146     
   1.40994065183210     
   1.41166981743487     
   1.41166981743597     
   1.41369711478195     
   1.43124445493239     
   1.43124445493289     
   1.45068970446479     
   1.45068970446845     
   1.45134660207274     
   1.45134660207288     
   1.46572761772606     
   1.47543613223531     
   1.47543613223773     
   1.48021699629503     
   1.48021699629800     
   1.48595108987658     
   1.48595108987760     
   1.49210928120517     
   1.49210928120565     
   1.49465141697547     
   1.49465141697799     
   1.50345576161124     
   1.50345576161326     
   1.50592070338995     
   1.50592070339118     
   1.50993068748454     
   1.50993068748495     
   1.51335110177516     
   1.51335110177620     
   1.52240591087573     
   1.52240591087883     
   1.52270671912294     
   1.52270671912303     
   1.53348351082054     
   1.53399386156012     
   1.53399386156350     
   1.53951290531594     
   1.55858344180062     
   1.56065333653372     
   1.56065333654458     
   1.56864608007882     
   1.56864608008072     
   1.57079057158779     
   1.57079057158806     
   1.58144879639280     
   1.58144879639293     
   1.58892355616864     
   1.58892355616921     
   1.59031962990337     
   1.59031962991966     
   1.59870510083369     
   1.60403779288764     
   1.60932846871492     
   1.60932846874739     
   1.60934812004137     
   1.61129438025066     
   1.61129438025404     
   1.62869250630107     
   1.62869250630639     
   1.62900454594790     
   1.63165692213054     
   1.63165692213738     
   1.64252641137241     
   1.64252641137422     
   1.65269409764324     
   1.65269409764733     
   1.65527002000499     
   1.65527002000615     
   1.66849447511638     
   1.66849447511724     
   1.67043448075165     
   1.67043448076069     
   1.67171477954409     
   1.67171477954589     
   1.67719514682635     
   1.67719514682695     
   1.67961849870173     
   1.67961849870560     
   1.68499230313185     
   1.68499230314697     
   1.68748207702927     
   1.68748207703540     
   1.69372110869014     
   1.69372110871549     
   1.70239941980864     
   1.70239941980866     
   1.71032245914338     
   1.71032245914427     
   1.71675883505792     
   1.71675883505802     
   1.71756781826222     
   1.71756781826287     
   1.71867553637415     
   1.71867553638137     
   1.71887087863424     
   1.71887087863590     
   1.72987921322011     
   1.73172271535164     
   1.73929213177818     
   1.73929213178735     
   1.73954858230764     
   1.73954858235352     
   1.74623290658995     
   1.74623290659835     
   1.75048720732341     
   1.75048720732780     
   1.75081636216802     
   1.75372603510370     
   1.75928625538573     
   1.75928625544859     
   1.76162038952661     
   1.76162038952892     
   1.77653398612507     
   1.77653398613435     
   1.77691723884453     
   1.77691723885793     
   1.78211061772603     
   1.78211061773209     
   1.78933837736151     
   1.78933837736656     
   1.79848469447822     
   1.79848469449122     
   1.81772747833366     
   1.81772747833710     
   1.82030655805087     
   1.82030655805740     
   1.82898503205199     
   1.82898503206837     
   1.84371889957486     
   1.84371889959998     
   1.84374783186389     
   1.84374783189941     
   1.84837426828506     
   1.84837426828679     
   1.84887096632080     
   1.84887096645261     
   1.86107994110930     
   1.86107994110984     
   1.86544419192076     
   1.86846385856081     
   1.86846385856430     
   1.87173084522206     
   1.87173084522245     
   1.87915540991367     
   1.87915540993708     
   1.88299999198286     
   1.88299999199896     
   1.89564180849272     
   1.89564180852688     
   1.89567767411874     
   1.89928084377811     
   1.89928084377951     
   1.90191868180211     
   1.90191868182425     
   1.90579417389564     
   1.90579417390093     
   1.90700923591161     
   1.90700923593192     
   1.91034365772676     
   1.91034365775788     
   1.92673520608476     
   1.92673520608540     
   1.92940497467797     
   1.92940497468910     
   1.93094693108820     
   1.93094693115785     
   1.93667773944308     
   1.93667773947957     
   1.93807658541919     
   1.93807658552370     
   1.93871007301398     
   1.93928440229454     
   1.93928440249440     
   1.95250978796850     
   1.95250978797363     
   1.95633180035199     
   1.95842427410807     
   1.95842427417544     
   1.96575037997968     
   1.96575038002400     
   1.96693397321951     
   1.96693397322442     
   1.96755038868909     
   1.96755038873917     
   1.97128857229291     
   1.98329340829934     
   1.98329340830699     
   1.98377486417449     
   1.98377486418996     
   1.99548764079341     
   1.99548764079679     
   2.00153271180680     
   2.00153271181340     
   2.00504897634356     
   2.01043587928724     
   2.01043587940575     
   2.01096103517789     
   2.01096103520948     
   2.01425690797191     
   2.01425690818023     
   2.01598759975030     
   2.01598759976202     
   2.01684899225841     
   2.01684899233025     
   2.01697974605356     
   2.01776847563663     
   2.01776847563722     
   2.02134083244830     
   2.02134083249676     
   2.02788625959853     
   2.02788625986665     
   2.04079458171257     
   2.04079458181240     
   2.04428866597674     
   2.04428866598307     
   2.05083680118560     
   2.05083680118950     
   2.05468677226693     
   2.05468677240838     
   2.05844628539246     
   2.05844628539481     
   2.06501572833111     
   2.06501572866226     
   2.08107000571571     
   2.08107000571598     
   2.08939565612759     
   2.08939565622399     
   2.09015401263041     
   2.09015401267789     
   2.09359207433060     
   2.09821367915749     
   2.09821367916006     
   2.10768427209189     
   2.10768427209303     
   2.10807838708009     
   2.10807838715931     
   2.11463765920874     
   2.11463765923236     
   2.11568436586274     
   2.11853177041884     
   2.11853177092073     
   2.11982515594997     
   2.11982515599083     
   2.12370689515512     
   2.12370689536878     
   2.12993648199169     
   2.12993648201983     
   2.13969267499742     
   2.14450003293500     
   2.14450003296564     
   2.14627763798746     
   2.14627763817791     
   2.15394509645865     
   2.15394509651754     
   2.15454408014222     
   2.16501688703757     
   2.16501688705506     
   2.16517863830816     
   2.16517863836853     
   2.16568309102008     
   2.16568309145025     
   2.16940527378680     
   2.16940527381673     
   2.17333206963881     
   2.17333206979106     
   2.18419691155594     
   2.18419691155780     
   2.19221219303298     
   2.20258792614802     
   2.20258792623504     
   2.21107966282807     
   2.21107966292618     
   2.21310166400303     
   2.21310166405211     
   2.21461801068106     
   2.21461801068494     
   2.21530826596054     
   2.21530826596176     
   2.22124928940796     
   2.22325329500179     
   2.22325329526040     
   2.22784037900280     
   2.22784037910153     
   2.22962811729406     
   2.22962811730033     
   2.23230416939982     
   2.23230416945592     
   2.23290730192249     
   2.23290730300832     
   2.23387814226384     
   2.23387814234808     
   2.23738792165901     
   2.23738792169605     
   2.24604519829468     
   2.24604519829758     
   2.25283184271952     
   2.25283184305953     
   2.25340712126494     
   2.25340712192847     
   2.25872845949714     
   2.25872845956614     
   2.26502229024913     
   2.26502229024996     
   2.26990349698301     
   2.26990349725134     
   2.27296155679324     
   2.27674471103960     
   2.27674471105173     
   2.28045948883047     
   2.28045948886840     
   2.28112945104131     
   2.28112945110383     
   2.28640664504061     
   2.28640664619395     
   2.28899190216255     
   2.29031455279130     
   2.29031455287906     
   2.29134715069716     
   2.29358149182438     
   2.29358149186199     
   2.30192245819647     
   2.30192245822073     
   2.31810786120413     
   2.31810786133004     
   2.31959988973677     
   2.31959988979695     
   2.32785236316869     
   2.32785236318366     
   2.34332641957153     
   2.34332641964138     
   2.34969337227734     
   2.34969337236170     
   2.35094356301277     
   2.35094356330334     
   2.35119271091060     
   2.35119271095107     
   2.35517413479331     
   2.35720554050030     
   2.35720554052575     
   2.35979745271284     
   2.35979745425204     
   2.36423795246146     
   2.37561406479594     
   2.37561406499891     
   2.37992890211266     
   2.37992890212574     
   2.38310266204016     
   2.38310266216097     
   2.39221379477079     
   2.39276967718308     
   2.39276968040333     
   2.40614103996745     
   2.40614103996843     
   2.40690970645929     
   2.40925311365148     
   2.40925311400762     
   2.41364310471486     
   2.41364310471578     
   2.41575438701764     
   2.41575438725108     
   2.42804417821779     
   2.42804417836196     
   2.42944977005639     
   2.42944977026347     
   2.43200679102991     
   2.43200679111356     
   2.43437784096389     
   2.43437784104356     
   2.44021972926243     
   2.44021973038500     
   2.44865910744381     
   2.44865910745112     
   2.44937140650140     
   2.44937140650206     
   2.44950790283571     
   2.44950790342515     
   2.44951809035318     
   2.44951809037533     
   2.45593916451287     
   2.45593916490115     
   2.46798191688692     
   2.46798191699834     
   2.46799463542330     
   2.46799463542337     
   2.47469900068196     
   2.47469900075503     
   2.48309794304581     
   2.48309794326307     
   2.48574536578744     
   2.48574536579017     
   2.49377753382350     
   2.49432332991525     
   2.49432332991577     
   2.50436211140643     
   2.50436211225041     
   2.50564817988671     
   2.50564818018766     
   2.51242216660177     
   2.51242216669281     
   2.51470107402579     
   2.51470107507682     
   2.51562658745037     
   2.51562658754812     
   2.52000037362315     
   2.52000037365997     
   2.53163106958737     
   2.53163107129291     
   2.53509860763332     
   2.53509861140860     
   2.53899919885600     
   2.53899919904736     
   2.53949627644419     
   2.53949627659086     
   2.54188107802722     
   2.54763306201206     
   2.54763306210393     
   2.54789903995089     
   2.55523658352360     
   2.55523658353129     
   2.55777107325017     
   2.55826966106501     
   2.55826966116034     
   2.55897771796502     
   2.55897771801405     
   2.56598982642269     
   2.56598982662289     
   2.57012212974248     
   2.57012212995596     
   2.57282366504469     
   2.57282366505048     
   2.57918983444058     
   2.57918983455044     
   2.58951417490886     
   2.58951417499481     
   2.59347152214619     
   2.59347152303082     
   2.59673566162250     
   2.59673566162500     
   2.59706489230125     
   2.59706489234364     
   2.61232029182944     
   2.61232029209215     
   2.61960074590010     
   2.61960074601906     
   2.62484066370963     
   2.62998639194841     
   2.62998639200922     
   2.63870021833439     
   2.63925553694907     
   2.63925553696171     
   2.64179171318976     
   2.64840429602905     
   2.64840429603322     
   2.65675017070211     
   2.65675017097208     
   2.65928851476976     
   2.65928851662101     
   2.66127657018420     
   2.66127657018679     
   2.66352783898086     
   2.66352783921287     
   2.67064987797583     
   2.67064987797839     
   2.67347526550510     
   2.67347526595739     
   2.68066122939394     
   2.68066122945844     
   2.68335270218109     
   2.68335270270364     
   2.68349401641575     
   2.68349401671012     
   2.68814683150766     
   2.68814683160820     
   2.68850708986200     
   2.68850709012886     
   2.69086414501516     
   2.69086414603219     
   2.69736835789772     
   2.69736835828868     
   2.71719785479726     
   2.71719785482160     
   2.71963276500222     
   2.71963276587710     
   2.72190137892008     
   2.72246166700579     
   2.72246166710533     
   2.72630680345174     
   2.72630680359998     
   2.72715005272105     
   2.72715005279605     
   2.74047656234698     
   2.74047656275650     
   2.74305612310408     
   2.74380290746925     
   2.74380290901090     
   2.75482924953126     
   2.75482924989356     
   2.77584111333848     
   2.77860519775557     
   2.77860519805579     
   2.77890756786958     
   2.77890756793416     
   2.78095309973528     
   2.78095310099804     
   2.78988584963308     
   2.78988585007172     
   2.79310840983132     
   2.79334591073369     
   2.79334591078438     
   2.79881331363969     
   2.79881331369224     
   2.79935501057306     
   2.79935501158947     
   2.80824662727279     
   2.80824662753562     
   2.81009338523910     
   2.81457897072737     
   2.81457897099893     
   2.82172240467212     
   2.82172240489233     
   2.82323611748776     
   2.82323611900180     
   2.82785920420550     
   2.84839828070614     
   2.84839828071928     
   2.84979703352939     
   2.84979703355241     
   2.85152750299374     
   2.85152750588384     
   2.85470638124106     
   2.85470638150437     
   2.86080720367008     
   2.86080720462864     
   2.86192547398122     
   2.86192547558567     
   2.86613892158493     
   2.86613892328057     
   2.86985571486624     
   2.87175976919884     
   2.87175976923878     
   2.87396341570722     
   2.87396341585208     
   2.88820701913455     
   2.88820701916184     
   2.89220236083765     
   2.89220236154158     
   2.89220381147684     
   2.89220381147818     
   2.90143896351670     
   2.90215926452876     
   2.90553235138764     
   2.90553235147899     
   2.90813800471526     
   2.90813800472392     
   2.91027555099003     
   2.91027555105702     
   2.91314713133557     
   2.91314713200664     
   2.92938140979871     
   2.92938141007088     
   2.93772453271950     
   2.93772453273897     
   2.94828912278733     
   2.94828912279061     
   2.96389637381301     
   2.96389637385486     
   2.97055369604977     
   2.97172496881903     
   2.97172496989528     
   2.97773767195922     
   2.97773767249003     
   2.98950537806057     
   2.98950537806061     
   3.01022650886943     
   3.01022650900145     
   3.01101193772766     
   3.01101193855800     
   3.02020843689999     
   3.02020843690284     
   3.02480794495231     
   3.02480794498538     
   3.02685313435220     
   3.02685313435260     
   3.04459627597795     
   3.04459627701882     
   3.05064932993855     
   3.05318029535133     
   3.05318030364584     
   3.05658673897533     
   3.05658674120902     
   3.06044605071095     
   3.06044606372393     
   3.06069493738600     
   3.06069493743790     
   3.06129705894966     
   3.06129706005494     
   3.07102773768447     
   3.07102773771815     
   3.07882513054648     
   3.07882513055722     
   3.09371444476760     
   3.09371444476982     
   3.10450322925339     
   3.10450322933572     
   3.10589386223522     
   3.10589386246812     
   3.10862552006955     
   3.10961813731119     
   3.10961813732238     
   3.11613220643293     
   3.11613220673660     
   3.11633990973946     
   3.11633990976642     
   3.11887240514000     
   3.11887240519061     
   3.12045910473391     
   3.12045910485523     
   3.12335745319881     
   3.12386464438497     
   3.12386464439967     
   3.12580869848790     
   3.12580869875500     
   3.14527641342771     
   3.14527641357592     
   3.14845018112207     
   3.14845018114554     
   3.15660668725086     
   3.15660668728486     
   3.16064635475990     
   3.16064635477844     
   3.16331161860691     
   3.16331161860692     
   3.17531641484031     
   3.17531641515109     
   3.17719701563841     
   3.18111791827103     
   3.18111791832135     
   3.18266225073971     
   3.18266225173136     
   3.18765564707665     
   3.18765564714335     
   3.19608978852257     
   3.19608978854737     
   3.20709085434772     
   3.21151936483134     
   3.21151936696897     
   3.21165684718615     
   3.21165685689281     
   3.21396550212091     
   3.21396551213368     
   3.22463566619823     
   3.22463566672187     
   3.22922335931257     
   3.22922336184999     
   3.23278691907302     
   3.23278691907574     
   3.24111683480881     
   3.24111683495147     
   3.24742896206387     
   3.24742896206472     
   3.25840457985805     
   3.25840458076791     
   3.25893374451227     
   3.25893374452393     
   3.26269350936257     
   3.26269350937105     
   3.26327321514112     
   3.26327321846240     
   3.26519094365572     
   3.26519094365808     
   3.26671109377493     
   3.26671109377638     
   3.26834893731550     
   3.26834893733532     
   3.26944214524986     
   3.27332648820870     
   3.28269285356703     
   3.28269285358867     
   3.28525106490800     
   3.28525106515463     
   3.28633185348080     
   3.28633185355865     
   3.29676691911196     
   3.29676691912318     
   3.29680043413470     
   3.31321330013798     
   3.31321330016656     
   3.31531543691822     
   3.31531543699632     
   3.31983282096222     
   3.31983282115157     
   3.32478364228948     
   3.32478364245171     
   3.34797252093832     
   3.34797252116081     
   3.35107464967496     
   3.35107464984974     
   3.36036113642629     
   3.36036113644306     
   3.36253454596181     
   3.36253454614763     
   3.36415079280527     
   3.36415079338677     
   3.36656792166182     
   3.36656792233259     
   3.37404193205548     
   3.37404193218651     
   3.37449219817905     
   3.39664989828556     
   3.39664989889834     
   3.39798290035312     
   3.39798290059595     
   3.39817776661721     
   3.39817776742018     
   3.40279882894286     
   3.40279882931350     
   3.40419984292402     
   3.40419984328071     
   3.41350550649922     
   3.41350550710152     
   3.42950958783056     
   3.42950958831551     
   3.43340586498036     
   3.43340586498054     
   3.44478997757542     
   3.44573074193407     
   3.44573074296879     
   3.45295144673285     
   3.45295144678047     
   3.45762417713376     
   3.45762417804853     
   3.46718704689051     
   3.46718704750957     
   3.47074335880741     
   3.47074335903302     
   3.47308374718293     
   3.47308374723676     
   3.47410361334158     
   3.47410361337161     
   3.49399251707229     
   3.49399251732002     
   3.49567690027815     
   3.49567690027838     
   3.49889252101091     
   3.50592885478600     
   3.50592885491047     
   3.50690966653749     
   3.50690966680952     
   3.51370540977392     
   3.51370540978812     
   3.52154803328682     
   3.52154803377429     
   3.52440678825097     
   3.52440678859822     
   3.53617926925217     
   3.54160664397379     
   3.54160664406916     
   3.55078584820672     
   3.55078584822890     
   3.55770206650545     
   3.55770206705404     
   3.56222167391757     
   3.56222168139817     
   3.56456335003130     
   3.56456335003182     
   3.56559877694886     
   3.56767017095013     
   3.56767017095095     
   3.57796291389789     
   3.57796291392094     
   3.58301043363641     
   3.58301043414977     
   3.58537888097321     
   3.58537888184358     
   3.59068559181245     
   3.59068559309301     
   3.60030388414965     
   3.60030388417319     
   3.60251349750575     
   3.60251349868198     
   3.60884294147442     
   3.60884294150690     
   3.60896949966570     
   3.60896949994358     
   3.62259788281322     
   3.62259788285430     
   3.62985343129000     
   3.62985343252510     
   3.63868611823207     
   3.63868611823387     
   3.64069277318140     
   3.64648727730295     
   3.64648727749392     
   3.65199082845638     
   3.65199083230846     
   3.67006293643353     
   3.67006293678855     
   3.67084070438336     
   3.67084070446651     
   3.67748905843009     
   3.67748905869243     
   3.68306310982853     
   3.68306803149032     
   3.68622919810209     
   3.71569396525069     
   3.71569396528824     
   3.71658824946448     
   3.71658825029860     
   3.72788436181305     
   3.72788436210695     
   3.72837642036181     
   3.74211794551872     
   3.74211794629338     
   3.74279043945720     
   3.74279043953550     
   3.75305618198750     
   3.75305619111809     
   3.75517935652942     
   3.75517935661170     
   3.75548390140081     
   3.75548390188579     
   3.76091729209823     
   3.76091729209876     
   3.76370126816752     
   3.76858932493296     
   3.76858932500457     
   3.77047074619973     
   3.77047074625452     
   3.78048587233998     
   3.79032686445763     
   3.79032686524122     
   3.81922229094182     
   3.81922229109686     
   3.82063738988486     
   3.82405973993603     
   3.82686373897700     
   3.82686373923546     
   3.82929428951610     
   3.82929429106355     
   3.83497705108218     
   3.83497705172064     
   3.83537882535966     
   3.83537882623442     
   3.83831223419807     
   3.83831223455198     
   3.84516400498376     
   3.84516400500521     
   3.84766633126785     
   3.84766633150951     
   3.84835832062430     
   3.84835832151708     
   3.86615683296468     
   3.86615683787130     
   3.87528521193410     
   3.87528521220470     
   3.88006619857677     
   3.88006620243487     
   3.89038188957768     
   3.89038189025437     
   3.89290095149828     
   3.89290095244110     
   3.89356966054027     
   3.89356966056038     
   3.90566721717984     
   3.91096566993762     
   3.91096567128719     
   3.91288384145952     
   3.91288384155181     
   3.91379344077703     
   3.91379344120671     
   3.91993775812666     
   3.91993775825445     
   3.92185153761404     
   3.92185153763523     
   3.92984568111347     
   3.92984568160572     
   3.94699826298961     
   3.94699826309783     
   3.95455827611184     
   3.95455827611751     
   3.95673815711681     
   3.95786758575172     
   3.95786758623575     
   3.96923691024081     
   3.97076344663933     
   3.98616729827988     
   3.98616729911670     
   4.00511563962521     
   4.00511563980223     
   4.00881608693476     
   4.00881608751825     
   4.03133010869513     
   4.03133010920924     
   4.03527586619467     
   4.03527586634582     
   4.04134331521019     
   4.04134331567964     
   4.04605994265785     
   4.04605994269323     
   4.06558202766124     
   4.06558202914346     
   4.06970052979286     
   4.06970053010789     
   4.08394201380616     
   4.08394201460201     
   4.10574756573000     
   4.11260879676949     
   4.11260879733456     
   4.12001215418675     
   4.12001215423485     
   4.12029942343184     
   4.12029942346223     
   4.12111881173474     
   4.12111881173509     
   4.13542094842581     
   4.13947369341418     
   4.13947369392969     
   4.14411036663409     
   4.14411036687445     
   4.14707130624830     
   4.14707130814335     
   4.15201181963420     
   4.15201181964052     
   4.15697222199185     
   4.15697222219154     
   4.15886300600028     
   4.15886300731605     
   4.16484056090635     
   4.16484056126013     
   4.17174468392400     
   4.17174468728254     
   4.17350374998877     
   4.17350375238219     
   4.18287668285570     
   4.18287668982507     
   4.18916578819906     
   4.18916578904749     
   4.19402868163229     
   4.19402868333091     
   4.19678180663947     
   4.19678180664789     
   4.23091904707418     
   4.23091904707763     
   4.23469960941376     
   4.23938412409611     
   4.23938412610432     
   4.24503236135371     
   4.24503236179615     
   4.25263807216415     
   4.25263807226156     
   4.25594117713616     
   4.25594117920198     
   4.26743308491375     
   4.26743308491387     
   4.26812609882017     
   4.26812610227529     
   4.27234030306524     
   4.27234030308730     
   4.27340226246512     
   4.27340226307230     
   4.27960819964788     
   4.29069189175835     
   4.29069189828236     
   4.30509885965251     
   4.30509885971768     
   4.32659410322200     
   4.32659410381916     
   4.36728888978849     
   4.36728889130400     
   4.38440490209965     
   4.38440490218245     
   4.38711055217192     
   4.38711055903030     
   4.39426641002713     
   4.39426641032996     
   4.39846020675674     
   4.39846020818911     
   4.41139989639886     
   4.41139989864374     
   4.41441620067168     
   4.41441620719423     
   4.41776918775338     
   4.41776918983341     
   4.41934909612519     
   4.41934909617005     
   4.44169246049916     
   4.44169246112144     
   4.44343638677325     
   4.44343638746517     
   4.44663018751809     
   4.44663018779377     
   4.44701971868727     
   4.45554652121423     
   4.45737859059395     
   4.45737859197483     
   4.46515029795960     
   4.46515029796035     
   4.47381215256188     
   4.47381215258889     
   4.48629169461661     
   4.48629169496365     
   4.48797561186235     
   4.48797561186265     
   4.49051885002921     
   4.49051885016610     
   4.49463237829670     
   4.50038191684941     
   4.50482094327982     
   4.50482094358894     
   4.50663127945824     
   4.50663127945832     
   4.51252034283119     
   4.51252034284169     
   4.51614316022524     
   4.52374784691363     
   4.52374784794904     
   4.52808021958748     
   4.52808022452639     
   4.53140966701270     
   4.53140966709870     
   4.53602032060383     
   4.53602032061085     
   4.53684578068271     
   4.53684578071195     
   4.54026845806245     
   4.54026845916582     
   4.54970562536866     
   4.54970562538394     
   4.55824382287940     
   4.55824382292174     
   4.56486703671586     
   4.56486703676653     
   4.57213709066961     
   4.57213709270280     
   4.58904673195149     
   4.58904673248643     
   4.60019857880297     
   4.61305113671416     
   4.61305113966969     
   4.61470520954483     
   4.61470520954485     
   4.62903097933479     
   4.62903097933486     
   4.66314349215471     
   4.66314349228757     
   4.67445173412218     
   4.67445173412229     
   4.67594405442066     
   4.67594405928758     
   4.68779558210635     
   4.68779558219792     
   4.71895585822542     
   4.71895585822825     
   4.73749362618001     
   4.73749362743060     
   4.73857518681245     
   4.73857520461370     
   4.74549508180474     
   4.74549508180745     
   4.74969344767604     
   4.74969345032055     
   4.76341377181854     
   4.76341377262923     
   4.76422248185299     
   4.76422249652649     
   4.76909965295008     
   4.76909965320251     
   4.77867066287855     
   4.77867066435409     
   4.80697656784493     
   4.81898723305780     
   4.81898723391528     
   4.83496851082297     
   4.83496851094302     
   4.83809351098674     
   4.83809351098704     
   4.84239097042909     
   4.84239097042929     
   4.84289618192924     
   4.84289618196846     
   4.85465307991065     
   4.85465307994225     
   4.86228125880574     
   4.86228125994983     
   4.86295737481758     
   4.87463304174041     
   4.87463304186996     
   4.88607345378722     
   4.89657525042794     
   4.89657525047443     
   4.91980454154382     
   4.91980454325067     
   4.92084247513473     
   4.92084251863002     
   4.92128059517536     
   4.92128059521905     
   4.92514666267077     
   4.92514667770309     
   4.93624313249616     
   4.93624313260756     
   4.93967996669023     
   4.93967996969508     
   4.94090190893816     
   4.94090191283360     
   4.94578331177356     
   4.94578331891492     
   4.96696021313605     
   4.96696021372216     
   4.96713843340692     
   4.96713843402098     
   4.96896730404993     
   4.98160717852029     
   4.98160717852035     
   4.99250272583507     
   4.99250272639310     
   4.99603162253200     
   4.99603162253214     
   5.00012079452448     
   5.01538128668227     
   5.01668826627888     
   5.01668826904150     
   5.01789013037470     
   5.01789013150762     
   5.01863902022088     
   5.01863902033516     
   5.04098644856915     
   5.04098644856938     
   5.06846663652388     
   5.06846663655766     
   5.08240488291306     
   5.08240488965134     
   5.10446746669800     
   5.10446746732951     
   5.11172845559785     
   5.12930457413644     
   5.12930457417058     
   5.13084590285820     
   5.13084590409676     
   5.13299118643373     
   5.13316132396800     
   5.13316132722091     
   5.16823184498453     
   5.16823184621664     
   5.17249591445240     
   5.17982665124599     
   5.17982665133962     
   5.18808949354084     
   5.18808949354206     
   5.19430982972483     
   5.19430983434164     
   5.19556772954487     
   5.20769787601584     
   5.20769787744092     
   5.21429437212987     
   5.21429437303252     
   5.23941856849203     
   5.23941857143136     
   5.25256866942846     
   5.25256866944525     
   5.26594701171219     
   5.26594701456322     
   5.26617255960708     
   5.26617255971453     
   5.27273887518218     
   5.27273887528371     
   5.29258788972715     
   5.29258789000881     
   5.32942218403613     
   5.33477642205179     
   5.33477642223189     
   5.35593037515927     
   5.35593037952524     
   5.35993228184208     
   5.35993228190286     
   5.36577878420776     
   5.36577878621695     
   5.36659883409963     
   5.36659883409979     
   5.38007319843652     
   5.38007319907992     
   5.43547021688551     
   5.43547021716397     
   5.44725169023358     
   5.44725169560378     
   5.45032370114914     
   5.45032370115313     
   5.46555437688565     
   5.46555437762112     
   5.50723009440900     
   5.50723009473178     
   5.50908233057624     
   5.50908234614756     
   5.53173205041965     
   5.54022071684718     
   5.54022072612208     
   5.54646786794935     
   5.54646786800981     
   5.54948235107058     
   5.54948235268731     
   5.57525783275963     
   5.58847250178095     
   5.58847250233613     
   5.61025722229384     
   5.61025722481181     
   5.64041483516050     
   5.64041486450430     
   5.66906121717885     
   5.66912423620466     
   5.66912423645779     
   5.68145136139200     
   5.68145136151606     
   5.70094912029954     
   5.70094912139497     
   5.70419525355661     
   5.70419525360258     
   5.71015914955133     
   5.71015914958904     
   5.71849644209935     
   5.71849644262680     
   5.73617624818391     
   5.73617624896526     
   5.73765434429533     
   5.73765434429772     
   5.74655320976988     
   5.74655320981316     
   5.75470918013057     
   5.75470918065739     
   5.76719532497156     
   5.76719532500948     
   5.76925039186291     
   5.78319799959266     
   5.78319799968369     
   5.81452894283227     
   5.81452894303253     
   5.82747359321545     
   5.82747359832793     
   5.85850309490453     
   5.85850309500646     
   5.87691339371344     
   5.87691339371772     
   5.87934363840817     
   5.87934363844845     
   5.88980099127836     
   5.88980099186137     
   5.89177724679143     
   5.89225399666809     
   5.89225400016339     
   5.89731706436629     
   5.90815312774198     
   5.90815312797663     
   5.91882955201610     
   5.91882955204647     
   5.97869018695803     
   5.97869018855901     
   5.99845987504987     
   6.01703031207969     
   6.01703031212095     
   6.01964728629121     
   6.01964728690829     
   6.03539077006608     
   6.05133737934444     
   6.05133737942484     
   6.07110885003055     
   6.07110885009263     
   6.07648004333198     
   6.07648004407907     
   6.09053441643060     
   6.09053441652617     
   6.11816045340800     
   6.13902643470623     
   6.13902643494836     
   6.17261820416064     
   6.17261820572811     
   6.17291335751435     
   6.17291335752750     
   6.17918836656877     
   6.17918836840086     
   6.19147648416788     
   6.21021586552129     
   6.21021586584025     
   6.22986600351066     
   6.22986600351233     
   6.23089489400060     
   6.23089489420618     
   6.24255268444729     
   6.24255268445402     
   6.24559123088623     
   6.24559123088859     
   6.29056983231057     
   6.29056983315389     
   6.32959931412582     
   6.32959931511706     
   6.35147628780355     
   6.35147628780643     
   6.37290261984602     
   6.37290261991424     
   6.38138132371751     
   6.38138132372590     
   6.43640536671751     
   6.43640536927292     
   6.44782459063406     
   6.44782459107261     
   6.46770736879371     
   6.46770736893855     
   6.46877417764909     
   6.46877417765848     
   6.49355769262484     
   6.49355769268628     
   6.50018533680863     
   6.52555526601302     
   6.52555526602746     
   6.53016678476174     
   6.53016678619192     
   6.54257649438239     
   6.54257649543207     
   6.54482690767962     
   6.54482690820878     
   6.55853854773996     
   6.55853854824282     
   6.61314822388124     
   6.61314822476055     
   6.62292973066947     
   6.62292974110173     
   6.63721343954064     
   6.63721344248204     
   6.64031863365974     
   6.64031863631186     
   6.64800475537620     
   6.64800475722654     
   6.68107936763843     
   6.68107937015394     
   6.69395499818850     
   6.69395499860940     
   6.69414707342482     
   6.69414707350935     
   6.69472378650305     
   6.69472379219119     
   6.69472853518751     
   6.69472853520492     
   6.72790455576246     
   6.72790455667293     
   6.72839745498827     
   6.72839745506236     
   6.76463025491862     
   6.76468886088476     
   6.76468886098587     
   6.76489356697776     
   6.76489356773477     
   6.77112649508628     
   6.78269554117166     
   6.78269554141002     
   6.80500025200051     
   6.80500026081856     
   6.88266947401709     
   6.88847320952559     
   6.88847320990705     
   6.89782194703531     
   6.89782195427155     
   6.97037498597585     
   6.97037498602035     
   6.97059640443896     
   6.97059640519735     
   7.01964901501744     
   7.01964901522392     
   7.04854443400208     
   7.04854443633703     
   7.05345850270608     
   7.05345850270980     
   7.06396643996423     
   7.06396643997184     
   7.09913947033577     
   7.09913947035135     
   7.11856995052299     
   7.11856995169096     
   7.12809907623692     
   7.12809907793272     
   7.18696479663115     
   7.18696479663879     
   7.20608353555764     
   7.20608353561995     
   7.21931797894279     
   7.21931797927597     
   7.24348432223784     
   7.24348432629260     
   7.29343176628085     
   7.29343177241396     
   7.30364732149315     
   7.30364732948677     
   7.30841359214134     
   7.34095633856754     
   7.34365428408014     
   7.34365428585995     
   7.37361011154057     
   7.37361011195600     
   7.43758695389936     
   7.43758695555565     
   7.45500111836736     
   7.45500111931390     
   7.49446413585411     
   7.49446413587420     
   7.52240892727829     
   7.52240893110985     
   7.57098028629964     
   7.57098028775451     
   7.62230853675234     
   7.62931214545440     
   7.62931214551361     
   7.63732849523919     
   7.63732849559059     
   7.63976851496363     
   7.63976851498998     
   7.65767488449241     
   7.65767488984192     
   7.65951094510001     
   7.65951094544559     
   7.66798472954334     
   7.66798472966354     
   7.67564520478041     
   7.67564520749650     
   7.70297556248332     
   7.70297556261314     
   7.71686313038728     
   7.71686313216093     
   7.71811534275960     
   7.72972265559713     
   7.72972265790325     
   7.74202655154051     
   7.74202655158481     
   7.74960015285736     
   7.74960015286784     
   7.75235956073142     
   7.75235956100424     
   7.77745787419856     
   7.77745787423224     
   7.78248686592280     
   7.78248686639732     
   7.79205094797930     
   7.79205095511432     
   7.80446244465200     
   7.82261407822129     
   7.82261408013806     
   7.83284910496689     
   7.83284910585025     
   7.84338748556630     
   7.84420913289430     
   7.91036046774346     
   7.92488857415795     
   7.92488857442644     
   7.94072622931698     
   7.94072622950958     
   8.00633386813694     
   8.00633386813865     
   8.02558860728017     
   8.02558861206277     
   8.02994424777319     
   8.02994424801242     
   8.03901750100871     
   8.03901750606502     
   8.07052790437812     
   8.07995505083770     
   8.07995505573827     
   8.13922123049046     
   8.13922123060221     
   8.16037360468992     
   8.16037360470017     
   8.17923096107234     
   8.17923096108166     
   8.18112686379218     
   8.18112686440625     
   8.20909064303013     
   8.20909064313768     
   8.22760435009106     
   8.22760435020322     
   8.26721698652990     
   8.26721698657750     
   8.26803452669834     
   8.26803452714710     
   8.29002028362707     
   8.29002028368232     
   8.30872330316796     
   8.30872330401610     
   8.33105193766692     
   8.33105193863807     
   8.36325991960222     
   8.38905797948415     
   8.38905798016153     
   8.42162865911006     
   8.42162865939692     
   8.43695436483889     
   8.43695436503979     
   8.47130266931417     
   8.47130266951978     
   8.57300977631578     
   8.57300977642501     
   8.58099740295323     
   8.58099741601975     
   8.59921734325525     
   8.59921734326077     
   8.60390064957606     
   8.60390065144227     
   8.61143022932490     
   8.61143022964761     
   8.62166560495514     
   8.62166560612043     
   8.69849357301343     
   8.69849357361255     
   8.70334189223160     
   8.70334189224038     
   8.72124884116770     
   8.72124884401711     
   8.75863996301457     
   8.75863996313579     
   8.80330774117663     
   8.80330774158377     
   8.80352553043579     
   8.80352553052478     
   8.81072821668980     
   8.81072822339657     
   8.82228556645159     
   8.82228556658376     
   8.83019429668983     
   8.83776431061906     
   8.83776439438187     
   8.85887691503932     
   8.85887691526283     
   8.87189346937445     
   8.89509985971904     
   8.89509986001513     
   8.89810235594484     
   8.89810235607001     
   8.91490876573006     
   8.91490876857985     
   8.96321175451131     
   8.96321175726674     
   9.03071848219388     
   9.03071848290335     
   9.05791710471089     
   9.05791710787429     
   9.11590924221953     
   9.11590924248491     
   9.14395124855896     
   9.14395124889255     
   9.17109438462185     
   9.17109438518835     
   9.19790090556485     
   9.20402986902880     
   9.20402986955393     
   9.20838906776573     
   9.20838906780132     
   9.21582914416482     
   9.21582914519946     
   9.22490502664348     
   9.22490502664673     
   9.25060940330347     
   9.25060940370594     
   9.27876178483844     
   9.27876178484475     
   9.30835966295460     
   9.30835966296127     
   9.32327446881190     
   9.32327446936295     
   9.33487263040223     
   9.33487264595766     
   9.37861433186897     
   9.37861433212770     
   9.39277427617058     
   9.39586682119977     
   9.39586682192679     
   9.57424679795088     
   9.57424679809656     
   9.58216525124921     
   9.58216525474519     
   9.58427022192950     
   9.58427022205656     
   9.60913742319977     
   9.60913742373400     
   9.62420569090011     
   9.62420569239404     
   9.69826776316412     
   9.69826777268585     
   9.77465368435172     
   9.77916361653046     
   9.77916361677023     
   9.80019854985168     
   9.80019855092761     
   9.82563127759619     
   9.85531967592158     
   9.85531967615188     
   9.90337494059544     
   9.90337494205499     
   9.91354361315004     
   9.91354361320881     
   9.93133035224498     
   9.99091071974876     
   9.99091071975657     
   10.0263528824969     
   10.0263528844663     
   10.0489270115132     
   10.0489270118724     
   10.0566124292257     
   10.0566124339757     
   10.0839832185403     
   10.0839832191567     
   10.1069050801187     
   10.1069050811732     
   10.1295273723701     
   10.1295273726785     
   10.1333668639390     
   10.1483553099584     
   10.1483553113157     
   10.1858437167338     
   10.2615853721186     
   10.2615853722283     
   10.3780852441019     
   10.3780852455233     
   10.4291610885307     
   10.4291610907843     
   10.5075652629370     
   10.5075652652726     
   10.5458142954342     
   10.5458143057402     
   10.5525161327934     
   10.5525161371516     
   10.5786627882918     
   10.5786627927643     
   10.6478741763395     
   10.6478741774342     
   10.7098490382267     
   10.7218262757469     
   10.7218262772540     
   10.7488679188841     
   10.7488679193890     
   10.8205439687389     
   10.8205439690826     
   10.8247349632001     
   10.8247349649823     
   10.8413121561129     
   10.8413121588737     
   10.8625653291785     
   10.8625653333817     
   10.8685991297538     
   10.8947709435434     
   10.8947709450022     
   10.9151792365009     
   10.9151792374756     
   10.9160187915769     
   10.9160187946097     
   10.9299211942328     
   10.9299212055329     
   10.9347327165244     
   10.9347327182404     
   10.9387886947789     
   10.9387886948750     
   10.9562676786720     
   10.9562676860703     
   11.1181813352594     
   11.1181813362642     
   11.1558635129969     
   11.1558635157912     
   11.1568483624763     
   11.1568483631141     
   11.2049643206107     
   11.2049643206122     
   11.2351893183692     
   11.2351893193013     
   11.3143808189033     
   11.3143808203917     
   11.3213239515809     
   11.3405507194329     
   11.3499142228900     
   11.3499142265452     
   11.3553656913580     
   11.3553656935067     
   11.4710995969152     
   11.4710995974878     
   11.5263003469151     
   11.6741163149892     
   11.6741163163113     
   11.6917872651305     
   11.6917872665611     
   11.7179078702460     
   11.7179078731618     
   11.7517411383890     
   11.7517411467655     
   11.8516957171615     
   11.8516957206803     
   11.9008944576469     
   11.9562017212880     
   11.9562017381327     
   12.0249123457296     
   12.0249123551325     
   12.0753001914400     
   12.0753001931352     
   12.0882785639605     
   12.0882785765776     
   12.1196910807430     
   12.1196910987400     
   12.1295323043916     
   12.1295323201247     
   12.1724929159374     
   12.1724929159507     
   12.2696130091908     
   12.2696130092686     
   12.3075692193040     
   12.3075692341036     
   12.3461196140621     
   12.3461196298033     
   12.3901071964295     
   12.3901071987524     
   12.4068090307872     
   12.4068090331647     
   12.5448646459055     
   12.5583817109616     
   12.5583817111527     
   12.6079572909148     
   12.6079572911093     
   12.6860277713475     
   12.6860277731233     
   12.7577133525780     
   12.7577133529156     
   12.7730764403197     
   12.7730764533601     
   12.7738309618648     
   12.7738309650848     
   12.7882015275017     
   12.7882015360339     
   12.8071974492102     
   12.8328971234363     
   12.8351044814988     
   12.8351044993289     
   12.8417624240767     
   12.8417624488238     
   12.9373665758048     
   12.9373665865991     
   12.9639466749552     
   12.9834706892713     
   12.9834707234322     
   13.0408216716306     
   13.0408216750365     
   13.0747634122948     
   13.0822849662826     
   13.1549468676826     
   13.1549468755025     
   13.1783283682608     
   13.1783283689757     
   13.2201344307560     
   13.2201344308184     
   13.2529640439504     
   13.2529640439737     
   13.3041605266619     
   13.3041605372508     
   13.4002009604889     
   13.4002009731686     
   13.4435513432018     
   13.4435513434727     
   13.6285771047822     
   13.6285771306254     
   13.6781027175666     
   13.6781027179535     
   13.8662681044590     
   13.8662681048839     
   14.0184591516740     
   14.0184591622156     
   14.1471517114912     
   14.1471517423378     
   14.2491456600057     
   14.2773932217787     
   14.2773933461060     
   14.3046824593653     
   14.3046824596338     
   14.3613086629398     
   14.3613087609127     
   14.3693036542090     
   14.3693036542238     
   14.3742064798945     
   14.3742064827264     
   14.5491353965028     
   14.5491354227096     
   14.8405922162540     
   14.8405922166085     
   14.8414664477156     
   14.8417905821386     
   14.8417906035465     
   14.8545814401995     
   14.8675739033750     
   14.8675739048546     
   14.8891972610630     
   14.8891972671645     
   14.9209069239601     
   14.9209069291657     
   14.9906520774233     
   14.9906521020137     
   15.0041390078327     
   15.0041390555215     
   15.1456530328165     
   15.1456530337342     
   15.1799891563403     
   15.1799891568175     
   15.1958045427231     
   15.2963355545342     
   15.2963355548751     
   15.6655752907416     
   15.6655752914351     
   15.7027755408241     
   15.7027755430677     
   15.8379925607724     
   15.8379925634006     
   15.8996630493522     
   16.2156017371530     
   16.2156017419202     
   16.2641655950792     
   16.2641655955315     
   16.5262167814931     
   16.5262167895792     
   16.6026688112087     
   16.6026688130489     
   16.6437834182521     
   16.6437834192257     
   16.7843081992490     
   16.7843082078278     
   17.0548865158482     
   17.0548865201007     
   17.1078475159859     
   17.1301645562231     
   17.1510165675249     
   17.1510165675573     
   17.1947259554189     
   17.1947259560364     
   17.2573341928900     
   17.3806915641239     
   17.5034337130188     
   17.5034337133626     
   17.7262952861999     
   17.7262952927992     
   18.0731271852192     
   18.0731271870461     
   18.4750218127035     
   18.4750218134764     
   18.6960392376594     
   18.6960392417088     
   18.8073102487324     
   18.8073102502146     
   19.0466765368821     
   19.0466765637670     
   19.0826476126785     
   19.0826476428550     
   19.1699102376197     
   19.2950034919441     
   19.2950034931246     
   19.3039450539619     
   19.3039450549861     
   19.3511562524503     
   19.3511562634996     
   19.5966010435445     
   19.5966010439265     
   19.7974916323789     
   19.7974916557528     
   19.9241412872542     
   19.9241412883493     
   21.1571828247063     
   21.1571828575544     
   21.2441708553756     
   21.2441708746445     
   21.3489892887761     
   21.3489893012687     
   21.9645175003424     
   21.9645175020986     
   22.0190162264638     
   22.1332597885595     
   22.1332597951896     
   22.2185078228582     
   22.2185078439012     
   22.4540633788679     
   22.4540633913655     
   22.4971222719908     
   22.4971222767836     
   22.8309063679593     
   22.8497597766588     
   23.4995991542082     
   23.4995991881235     
   25.0807320496191     
   25.0807320748667     
   25.6377485332612     
   25.6377485333397     
   25.7019518834949     
   25.7019519041419     
   25.7203472533571     
   25.8553519508819     
   25.8553522088159     
   29.5227327930158     
   29.5566179627935     
   29.5566179628986     
   33.7214970005684     
